¬х≥дн≥ дан≥:
1 2 -1 4; 5 6 -2 1; -3 7 8 2; 0 1 2 2
ќч≥куваний результат:
35.0, (0, 0, 3, 3)
¬х≥дн≥ дан≥:
1 2 3; 4 5 6; 7 8 9
ќч≥куваний результат:
45.0, (0, 0, 2, 2)
¬х≥дн≥ дан≥:
-1 -2 -3; -4 -5 -6; -7 -8 -9
ќч≥куваний результат:
-1.0, (0, 0, 0, 0)
¬х≥дн≥ дан≥:
1; 2; 3; 4
ќч≥куваний результат:
10.0, (0, 0, 3, 0)
¬х≥дн≥ дан≥:
1 2; 3 4; 5 6
ќч≥куваний результат:
21.0, (0, 0, 2, 1)
¬х≥дн≥ дан≥:
-1 -2; -3 -4; -5 -6
ќч≥куваний результат:
-1.0, (0, 0, 0, 0)
¬х≥дн≥ дан≥:
0 0; 0 0; 0 0
ќч≥куваний результат:
0.0, (0, 0, 0, 0)